----------------------------------------------
                Problem One                   
----------------------------------------------

n=10
Error (one-norm): 2.22045e-15
Error (two-norm): 7.85046e-16
Error (max-norm): 4.44089e-16

***     Time spent executing: 0 seconds 0 milliseconds and 2 microseconds     ***

n=20
Error (one-norm): 6.43929e-15
Error (two-norm): 1.66903e-15
Error (max-norm): 6.66134e-16

***     Time spent executing: 0 seconds 0 milliseconds and 6 microseconds     ***

n=40
Error (one-norm): 2.14273e-14
Error (two-norm): 6.48602e-15
Error (max-norm): 5.66214e-15

***     Time spent executing: 0 seconds 0 milliseconds and 32 microseconds     ***

n=80
Error (one-norm): 4.71845e-14
Error (two-norm): 7.75648e-15
Error (max-norm): 5.10703e-15

***     Time spent executing: 0 seconds 0 milliseconds and 191 microseconds     ***

n=160
Error (one-norm): 1.23679e-13
Error (two-norm): 1.69766e-14
Error (max-norm): 1.24345e-14

***     Time spent executing: 0 seconds 1 milliseconds and 378 microseconds     ***

----------------------------------------------
                Problem Two                   
----------------------------------------------
1.12747    1.77342    1.90394    1.9766     
1.77342    1.13592    1.78074    1.95018    
1.90394    1.78074    1.06346    1.91189    
1.9766     1.95018    1.91189    1.68898    

Matrix is  not s.p.d.

1.38335    0.981226   0.374068   0.52736    
0.981226   11.241     0.747285   0.0272893  
0.374068   0.747285   21.8852    0.942257   
0.52736    0.0272893  0.942257   31.0109    

Matrix is s.p.d.

----------------------------------------------
                Problem Three                 
----------------------------------------------
A:
1.55953    0.713741   0.694053   
0.840584   11.2437    0.949886   
0.553559   0.507392   21.6918    


||A||_1 = 23.3357

----------------------------------------------
                Problem Four                  
----------------------------------------------
A:
1.95724    0.590772   0.755886   
0.630828   11.9162    0.134323   
0.270286   0.379345   21.0409    


||A||_infty = 21.6905

----------------------------------------------
                Problem Five                  
----------------------------------------------
A:
1.66446    1.23709    1.42738    1.20341    1.18406    1.81273    1.01607    1.69753    1.35942    1.91451    
1.23709    1.45907    1.37163    1.21232    1.07909    1.17983    1.72086    1.66224    1.11327    1.74863    
1.42738    1.37163    1.56617    1.12419    1.70176    1.71928    1.51268    1.21974    1.0672     1.22244    
1.20341    1.21232    1.12419    1.56116    1.08552    1.40959    1.36322    1.94971    1.46089    1.68912    
1.18406    1.07909    1.70176    1.08552    1.46626    1.91201    1.2524     1.84188    1.88484    1.34921    
1.81273    1.17983    1.71928    1.40959    1.91201    1.45634    1.77646    1.12489    1.04121    1.52723    
1.01607    1.72086    1.51268    1.36322    1.2524     1.77646    1.93787    1.28493    1.49905    1.19335    
1.69753    1.66224    1.21974    1.94971    1.84188    1.12489    1.28493    1.15663    1.73466    1.45561    
1.35942    1.11327    1.0672     1.46089    1.88484    1.04121    1.49905    1.73466    1.14914    1.09635    
1.91451    1.74863    1.22244    1.68912    1.34921    1.52723    1.19335    1.45561    1.09635    1.01743    

10,101
k(A) = 163.663

----------------------------------------------
                Problem Six                   
----------------------------------------------
n,count
10,101
20,401
40,1601
80,6401
160,25601
320,102401
640,409601
1280,1638401
2560,6553601

----------------------------------------------
                Problem Seven                 
----------------------------------------------

n=10
Error (one-norm): 7.77156e-16
Error (two-norm): 3.33067e-16
Error (max-norm): 2.22045e-16

***     Time spent executing: 0 seconds 0 milliseconds and 0 microseconds     ***

n=20
Error (one-norm): 2.9976e-15
Error (two-norm): 8.81212e-16
Error (max-norm): 3.33067e-16

***     Time spent executing: 0 seconds 0 milliseconds and 0 microseconds     ***

n=40
Error (one-norm): 1.26898e-13
Error (two-norm): 2.2468e-14
Error (max-norm): 5.44009e-15

***     Time spent executing: 0 seconds 0 milliseconds and 0 microseconds     ***

n=80
Error (one-norm): 4.01235e-13
Error (two-norm): 5.39397e-14
Error (max-norm): 9.99201e-15

***     Time spent executing: 0 seconds 0 milliseconds and 0 microseconds     ***

n=160
Error (one-norm): 1.37312e-12
Error (two-norm): 1.23873e-13
Error (max-norm): 1.44329e-14

***     Time spent executing: 0 seconds 0 milliseconds and 1 microseconds     ***
